k,recall_1_k,recall_k_k,QPS_seq,QPS_par,nprobes,num_rerank,avg_cmps,tq8_rerank,query_compression,query_compression_threshold,search_cmps,probe_cmps,t_search_dists,t_search_beam,t_search_rest,t_search_top_level,t_compress,t_quant,t_leaf_dists,t_leaf_rest,t_rerank,t_greedy
10,0.11,0.088,321.769,321.769,1,500,22269773.884,True,Wards,0.5,2304924,280177,1.255,0.001,0.0,1.651,0.037,0.022,0.068,0.003,1.291,1.683
10,0.161,0.133,282.819,282.819,2,500,23895997.496,True,Wards,0.5,2310580,513208,1.26,0.001,0.0,1.661,0.037,0.021,0.122,0.005,1.644,1.702
10,0.236,0.195,249.358,249.358,4,500,25541715.34,True,Wards,0.5,2319927,982693,1.27,0.002,0.0,1.664,0.037,0.022,0.226,0.007,1.993,1.721
10,0.309,0.266,232.691,232.691,8,500,27101789.468,True,Wards,0.5,2336031,1935442,1.292,0.001,0.0,1.669,0.037,0.021,0.439,0.012,2.031,1.751
10,0.388,0.351,209.753,209.753,16,500,29575624.768,True,Wards,0.5,2363646,3789318,1.322,0.001,0.0,1.677,0.038,0.022,0.854,0.022,2.023,1.804
10,0.504,0.453,175.553,175.553,32,500,34105117.928,True,Wards,0.5,2412171,7412890,1.383,0.002,0.001,1.694,0.041,0.022,1.658,0.045,2.02,1.905
10,0.625,0.551,133.677,133.677,64,500,42724250.388,True,Wards,0.5,2496075,14606962,1.477,0.003,0.001,1.718,0.038,0.022,3.241,0.09,2.024,2.061
10,0.729,0.646,90.904,90.904,128,500,59388887.356,True,Wards,0.5,2642683,28705874,1.665,0.002,0.001,1.761,0.038,0.022,6.374,0.178,2.035,2.347
10,0.811,0.735,56.231,56.231,256,500,91546583.128,True,Wards,0.5,2906246,56320142,2.064,0.005,0.002,1.883,0.039,0.023,12.487,0.373,1.941,2.915
10,0.879,0.81,31.841,31.841,512,500,153689420.088,True,Wards,0.5,3377297,110310356,2.825,0.003,0.002,2.075,0.04,0.024,24.459,0.763,2.197,3.917
10,0.941,0.871,17.538,17.538,1024,500,274894452.712,True,Wards,0.5,4233363,216478617,4.096,0.002,0.003,2.245,0.041,0.024,47.78,1.605,2.056,5.507
10,0.972,0.912,9.293,9.293,2048,500,511723803.92,True,Wards,0.5,5818066,425711371,6.266,0.002,0.005,2.531,0.041,0.025,93.479,3.351,2.28,8.425
